              precision    recall  f1-score   support

           0       0.93      0.93      0.93        15
           1       1.00      0.88      0.94        25
           2       0.96      0.96      0.96        27
           3       0.96      0.93      0.95        28
           4       0.92      0.71      0.80        31
           5       0.97      0.97      0.97        29
           6       0.95      0.83      0.89        24
           7       0.68      0.95      0.79        22
           8       1.00      0.95      0.97        20
           9       1.00      0.89      0.94        18
          ba       0.76      1.00      0.86        31
          pa       0.97      0.91      0.94        35

    accuracy                           0.91       305
   macro avg       0.92      0.91      0.91       305
weighted avg       0.92      0.91      0.91       305
